001:20:-753.6140705845511:-571.6921000950852:76.96353315634437:-0.6202872130990416:0.5671120852796129:-0.5418728484052872:-0.36652059664865305:-0.8203364397701168:-0.43898756116694565:-0.6934726097241249:-0.0736912217686021:0.716703936423223
002:20:-734.1240402098941:-555.8105744435288:50.1601986427665:-0.6195377741421859:-0.5671124620335626:0.5427291347822939:-0.3659137213863852:0.8203362137177469:0.43949399382620835:-0.6944622669993454:0.07369153259061065:-0.7157449469195127
003:20:-675.8250110520771:-525.3179495151214:161.8530145703562:0.6168940163259543:-0.5692826778103453:-0.5434679869531615:0.39660236506538454:0.8212872160377224:-0.41011362823773867:0.6798132445741215:0.03745636906696357:0.7324274611131527
004:20:-596.6045710351111:-476.7339591919713:207.5988191325602:-0.7120869674705366:0.5362008176917024:-0.45323319313816524:-0.38276739489939954:-0.8376629018146806:-0.3896277829213064:-0.5885748159123688:-0.10396634502177299:0.8017298431550702
008:20:-580.4336211909329:-462.67705593311746:177.74241046122143:-0.7114598228457718:-0.5362011190948622:0.45421663397321477:-0.3822287497774326:0.8376626004115209:0.3901567454667646:-0.5896823218230732:0.10396655223644535:-0.8009157532204363
009:20:-510.3839003693771:-427.52451632139554:280.1674601983941:0.684872899417772:-0.5552715374974541:-0.4718284117839292:0.40689923888920576:0.8286017432706658:-0.38451504344613524:0.604467729178109:0.07135769728287313:0.7934273917150751
011:20:-419.6389223299881:-350.39578529877457:231.94447852393228:-0.7794232213502545:-0.6258811427188419:0.02779773527172738:-0.6213179365547855:0.7779113077498815:0.093905036605037:-0.08039755039102915:0.055920519723031595:-0.9951929963550562
012:20:-421.18800918767255:-354.26709428742305:268.45635120882633:-0.779382305871311:0.6259786843164339:-0.02672611517473735:-0.6215439135738495:-0.7778335457346517:-0.09305016305534192:-0.07903586742812156:-0.05591018253653515:0.9953026317544353
010:20:-436.4823146798183:652.3368991085323:19.817957012525035:0.6952499088067065:-0.7172325222147315:0.046946947053486475:-0.6544760893482541:-0.6047093791614828:0.45385852934397114:-0.29713406661205743:-0.3462722946975423:-0.889835788776967
013:20:-437.7365762002571:635.2176240072439:52.3120146608525:0.6951842782686589:0.7172325975655215:-0.047907142169836006:-0.6551027065174891:0.6047096052138528:-0.4529533403042861:-0.29590426636926215:0.3462716918912227:0.890245847775882
014:20:-522.7220822497576:732.921976894283:58.245634985251215:-0.6775022358463149:0.7337400718741045:0.05113955448544038:0.6599905615600506:0.5757697026680434:0.4825989406733844:0.3246588248094887:0.36071504433527457:-0.8743468310961559
015:20:-451.82642644131556:594.8576865453856:186.15939992439303:-0.17983711193683855:-0.7624253641006683:-0.621583510413969:0.6037195711846824:-0.5844298443079373:0.5421844992725258:-0.7766474489500281:-0.2777576298137758:0.5653936351639833
016:20:-429.1092893132009:575.3448942041001:164.85933024751756:-0.17897820711988108:0.7624247612943488:0.6218319042930435:0.6029695294215072:0.5844304471142568:-0.5430178790093872:-0.7774281584847137:0.2777577616776582:-0.5643196980302022
017:20:-427.7401377306949:522.0761053527618:282.307740914748:0.19775038709584566:0.7640153411194309:-0.6141457846394551:-0.573438236200765:0.598294691062138:0.5596531859331227:0.7950240749541434:0.2415034260873929:0.5564290763326861
018:20:-335.77839754639746:427.6402165551563:233.59306218150633:-0.6396672478975434:0.7633446437380743:0.09017253522479891:0.764741044577452:0.6438370852626589:-0.02539363535236026:-0.07744051224672621:0.05271516305044412:-0.9956023771968617
019:20:-339.5249400942382:429.0911183195026:270.12198705156953:-0.6398862926439319:-0.7632646211991461:-0.08929246625471385:0.764694628490842:-0.643932931467477:0.02434222104063811:-0.07607789681779298:-0.052705197908473056:0.9957079436535835
005:20:748.3160878231541:562.9661651594374:75.34592892114773:0.6189907274071393:-0.5588447849831301:0.5518543791731623:0.37044746539157053:0.827313998270398:0.42227942770472227:-0.6925453429029841:-0.056954455006197224:0.7191223200267104
006:20:728.4585481364581:547.7011801666774:48.45436285218111:0.6182274992557226:0.5588451617370799:-0.5527088571312101:0.36986368514642276:-0.8273138475688181:-0.4227912856208615:-0.6935383909637525:0.05695476582820577:-0.7181646868372191
007:20:670.6699271455817:516.1312583634667:160.11322872785036:-0.6160210397489734:0.5607349218736637:0.5532581643899551:-0.40035215945191643:-0.8277367162020248:0.39315389848786786:0.6784069727812602:0.0206934885464162:0.7343945688356216
020:20:590.3336106493573:468.47128814662:206.61185640158837:0.71469696813287:-0.5243157375926825:0.4629271476161911:0.3780228570593254:0.8464241642146891:0.37505188843773024:-0.5884787813305759:-0.09305150053186355:0.8031402592413788
021:20:573.8081528198413:454.94670627003717:176.70367390107089:0.7140563357167039:0.5243160766712371:-0.4639141676137633:0.3775044436244604:-0.8464240135131093:-0.37557440849064755:-0.5895881333356341:0.09305178309732587:-0.8023263200083247
022:20:503.7612868890153:419.82398869255906:279.1409340830536:-0.6877622254584549:0.5433546970404697:0.481403236663042:-0.4027064195331551:-0.8373248028201691:0.3697483607624023:0.6039958825314339:0.06043489857519945:0.7946929835830974
023:20:411.2629815659567:344.16564213453415:231.8427633967865:0.7887548138794045:0.6138015445555626:-0.03337547859996123:0.6093776620021263:-0.7878964176802792:-0.08875986803364051:-0.08077734662892999:0.049671490335394655:-0.9954937213577519
024:20:413.0234846560549:347.8396936056039:268.36543837092796:0.788723166547625:-0.6139002917657937:0.032291018257421054:0.609597723984179:0.7878200119792685:0.08792141153730607:-0.07941447689108067:-0.049661110764078864:0.9956038842126608
025:20:425.68396055205307:-646.0218808144908:14.649756040514914:-0.712825857316799:0.6953234511776989:-0.09167896705520297:0.6538612269022515:0.6115872108912634:-0.445451001227389:-0.2536651754494166:-0.377475659622699:-0.8905993183315436
026:20:428.5698692837101:-629.2118984021187:47.201374458689344:-0.7126983637802015:-0.6953235265284889:0.09266318965469822:0.654476164699044:-0.6115875499698182:0.4445464526694185:-0.25243433913325947:0.37747475541321956:0.8909492474000775
027:20:514.1837985101793:-726.5459256659937:47.68932929583707:0.6965755552543198:-0.7111768052787146:-0.09492289391339677:-0.6597298478268192:-0.5828709118146347:-0.4743603867032681:0.2820287009651909:0.39305258935077836:-0.8751972401115463
028:20:446.0746317927136:-589.9846967066657:181.32498969012818:0.17439740654637115:0.7688147343345896:0.6152313257948887:-0.6030317314986119:0.5773212507839308:-0.5505018324935362:-0.7784200762836327:-0.274998020157994:0.564303120856413
029:20:423.58715904992:-570.166006681656:160.0638082545434:0.1735472235833505:-0.7688145082822198:-0.615472184594968:-0.602270274090759:-0.5773217028886705:0.5513343080209183:-0.7791992034517292:0.27499809550878396:-0.5632267724973535
030:20:422.64126430789054:-517.2690866376602:277.68438040665467:-0.19264755624955307:-0.7705084693911152:0.6076215364915211:0.5728797361456458:-0.5910504284408241:-0.567862353095158:0.7966776480396248:0.238696854051774:0.5552731575394381
031:20:331.90157167431187:-421.3874657427052:230.2140482355068:0.630251149457463:-0.7706823790143228:-0.09398133869871145:-0.7718682497465764:-0.635019159068607:0.03114657397665527:-0.08368405044554546:0.052911037428922544:-0.995086601039645
032:20:335.7815224943583:-423.05456761041773:266.7198060530947:0.6304762599424425:0.7706034867372438:0.09311420180795178:-0.7718308757547606:0.6351156834305346:-0.030085359352815078:-0.08232215084911675:-0.052900290522505736:0.9952007574864212
033:20:352.50423784145306:166.45183845001617:202.47579487736698:-0.8158914213200992:-0.3836247361874655:0.4326124699077201:-0.3359463354687998:0.9234704222906926:0.18531677208367767:-0.47059695382375494:0.005863765508040269:-0.8823288909772778
034:20:358.7641644603327:173.07904290330814:302.1029166708424:-0.8294606669253208:0.3943651247609402:0.3955645963107801:-0.3494044009834484:-0.9188486308874492:0.1833951385629444:0.43578858105495777:0.013907065566339175:0.8999416860236567
035:20:153.97573448370883:-362.32884275277235:201.64990199499505:-0.31138700760990234:0.935457075254567:0.16720790511165443:0.8265286169867355:0.3534361957013731:-0.4381019633326479:-0.4689228853234067:0.0017828329505575997:-0.8832373954517209
036:20:160.84353099528371:-368.8342899744041:301.2449834269705:-0.32032751070150756:-0.9310974292495642:0.1744941946360636:0.8402199308716782:-0.36432834076580967:-0.4016157921993999:0.43751656304551617:0.017964924593450463:0.8990309963763051
037:20:-366.15003683523366:-175.82606505892696:203.16937900626021:0.8126118535382584:0.38722552438686875:-0.435566974381711:0.3413228403841956:-0.9219850321683825:-0.1828722040806823:-0.47239904331623045:-6.483111326045053e-05:-0.8813848962807679
038:20:-371.96845846072955:-182.94365486444732:302.78944073212034:0.8299090041255311:-0.3978663745668177:-0.3910929413565147:0.35059400157980464:0.9172283628511262:-0.189144818265574:0.43397586710109914:0.019858180300274406:0.900705667682973
039:20:-160.34673178381468:371.7638322386999:204.02420659197344:0.30942423255785567:-0.9354450944789647:-0.17087827976557765:-0.8243189550714133:-0.35344941976500954:0.4422347657845023:-0.4740831711470372:0.004020058538050755:-0.8804709665494485
040:20:-166.7999036414098:377.80246624642524:303.67640512834464:0.32213736132534804:0.9311677315365887:-0.1707468679879026:-0.8422579436874913:0.3642490340593859:0.3973968637946311:0.43223748670152745:0.015796499575285273:0.9016214811840412
041:20:-61.54412847430248:398.1467648025308:203.88040111636715:0.1306622539485886:-0.9885501460637388:-0.075473931979787:-0.8708740638888799:-0.15082343154881817:0.4677931886050617:-0.47382027224089707:0.004605379059307175:-0.8806096120029588
042:20:-66.54454192408694:405.4352236761827:303.5325224935294:0.13984234429569278:0.9866269678518115:-0.08373435651668669:-0.8907212359096849:0.16228378750142883:0.4245935258149169:0.4325041531471651:0.015207820351434578:0.9015037078993473
045:20:42.446380340195255:399.52000582310905:203.66721022214844:-0.11187182966260704:-0.9922441431903117:0.054190164182589734:-0.8737567590600471:0.12419435877268935:0.4702391505976712:-0.4733222035193189:0.005257498938872501:-0.8808737165217382
046:20:39.69217514447195:407.9426664881355:303.31730617007685:-0.10779586996292213:0.9935301551224107:0.035751404388023114:-0.8949197819257718:-0.11263408767260323:0.4317779599090094:0.4330112262881425:0.014549242673699206:0.9012711753615575
047:20:145.63723522580108:369.8416420263304:203.3828978271168:-0.35961801218437345:-0.9141880338273808:0.18691000802410562:-0.8045383931489254:0.40524973474638165:0.43415486290262845:-0.4726444608391019:0.005753632087033779:-0.881234496104025
048:20:145.50706764036966:378.75086866274427:303.0286728593462:-0.36112958670619166:0.9187704167674797:0.15951935539509018:-0.8255237388519449:-0.3945424628450906:0.40354285097700965:0.43370038461303717:0.014044254630362556:0.9009477697710866
049:20:234.50560485548434:325.29269253313606:203.093570083506:-0.5072739508325547:-0.8196509736339297:0.26616854645538207:-0.7209409866929751:0.5728325288757413:0.39000890721688014:-0.47214123058841206:0.005949572986131461:-0.8815028956178317
050:20:236.13266109377247:334.0974070210811:302.73542928588324:-0.5123346605872645:0.8262089035849721:0.2342911310387159:-0.740926050659391:-0.5631939949037247:0.36584308002080584:0.43421416397432017:0.013841691691919856:0.9007033318084845
053:20:308.70932671733306:252.64423026568463:202.76890342221435:-0.7430581766118532:-0.5415694107741532:0.3931507714300849:-0.4753452215279317:0.8406347369703603:0.259576878188139:-0.471075054585996:0.005998367920727352:-0.8820727736422334
054:20:313.654383257175:260.23754517374044:302.4010405642689:-0.7543667478169558:0.5513103087943187:0.3563537029374978:-0.49136747442462325:-0.8341864424186971:0.2503814256987335:0.4353032842922764:0.013778789087939721:0.9001784382056837
043:20:374.4005167255772:64.44461065154246:202.19119313530192:-0.8729615821736909:-0.15080527200843988:0.46389224053388745:-0.13054222014019617:0.9885480362416201:0.07570695429771142:-0.46999682245718777:0.005531725187983267:-0.8826508649027398
044:20:382.12997905775495:69.41893464381418:301.8113898897776:-0.8887983591009174:0.16235414630154588:0.4285778495351723:-0.139960805156345:-0.9866298311818297:0.08350057127201402:0.43640438538583487:0.014231075140485897:0.8996381730417328
051:20:375.7732562112975:-39.54576554556496:201.944669462834:-0.875843071732219:0.12421179306171433:0.4663375997201773:0.11199079914109142:0.9922432389808323:-0.05395657673374067:-0.4694224233853889:0.0049680329924940815:-0.8829598031415402
052:20:384.63684317564093:-36.817678742057744:301.55722745562764:-0.8929956995043651:-0.11256397376255353:0.43576168082294514:0.10767719246874882:-0.993534450117438:-0.03598513076489114:0.43699487185128827:0.014787028574375864:0.8993424965419639
055:20:346.0945451980788:-142.73665659954995:201.7646184488422:-0.8066231988052982:0.40526789428675997:0.4302524454910502:0.35973797064197593:0.9141883352305407:-0.18667689151769376:-0.46898595393459597:0.004200211680619498:-0.8831957264648778
056:20:355.4445052357873:-142.63262669613687:301.37003921481164:-0.823598450817899:-0.394472235908856:0.40752600676002076:0.3610110599135983:-0.9187762941290959:-0.1597531877340066:0.43744339742847343:0.015548903943641829:0.8991115463707631
057:20:301.54507488022426:-231.6051516129477:201.64911111310371:-0.7230248881398685:0.5728502739867749:0.3861061130513521:0.5073940976671321:0.8196520285449891:-0.2659355618128526:-0.4688138904057422:0.0036299268796876195:-0.8832896135491571
058:20:310.7906577980796:-233.25836482305638:301.2506160492209:-0.7389997830650757:-0.5631238809936749:0.3698257460236823:0.5122167742763857:-0.8262153084021179:-0.23452534013158208:0.4376225439315827:0.016116775753261127:0.8990144192025159
059:20:228.89628468613495:-305.80923998103873:201.6264070158819:-0.47742761595902605:0.8406510880917797:0.2556732551639215:0.743179189980515:0.5415717843240367:-0.39291823889229516:-0.46877259817284883:0.002420984677435701:-0.8833156095716903
060:20:236.9302751260788:-310.78031846408567:301.2226844155955:-0.4894399258668788:-0.834115235922193:0.25436330051831546:0.7542498033909513:-0.5513182206272637:-0.35658838297280115:0.4376709191387314:0.01732489262889186:0.8989683798698557
061:20:56.21874937129185:-404.274479116943:201.75505070693734:-0.13262365384871866:0.9885624282425008:0.07180277085199364:0.8730840272073618:0.15080854976780278:-0.4636604991793922:-0.4691857842295468:0.001197507867046319:-0.8830987499982104
062:20:61.63382123220996:-412.0298669433146:301.3502478777262:-0.1380319379597764:-0.9865568916171568:0.08748172084024268:0.888682921690712:-0.1623626044277179:-0.42881328307837513:0.43725245852673683:0.01855358380224758:0.8991474886975699
063:20:-47.77170639624976:-405.64768155791677:201.96826089095828:0.10990958206609003:0.992256123965914:-0.057860859077370264:0.8759664209753693:-0.12420828924998159:-0.4661063858212117:-0.46968373992494006:0.0005453906365322029:-0.8828346454794311
064:20:-44.60281144346419:-414.5373097552674:301.56546420117877:0.10960624804229228:-0.9934599281861761:-0.032004178992486094:0.8928814677067989:0.1125552801651629:-0.43599767949707263:0.4367484370927525:0.019212132046080625:0.8993785895703506
065:20:-150.96245518794333:-375.9694334999515:202.25255399618771:0.3576565557711509:0.9141995624982434:-0.1905810796728359:0.8067477536610876:-0.4052645035012121:-0.4300217967230092:-0.4703615202805521:4.925645818434285e-05:-0.8824738658971442
066:20:-150.41770152813663:-385.3455505094806:301.85407822210715:0.36293988943477185:-0.9187001144804552:-0.15577223596160153:0.823485349282182:0.39446364591880156:-0.40776253288967795:0.4360579601290337:0.019717131862978205:0.8997025979671411
067:20:-239.83084410742882:-331.42048400675714:202.54190102960072:0.5053123437177522:0.8196622762524224:-0.2698395427533224:0.7231500458019777:-0.5728471469289919:-0.3858758033618659:-0.47086463750505697:-0.00014668326355724598:-0.8822055417341276
068:20:-241.04338178564944:-340.69208886781746:302.1473217955701:0.5141448126142648:-0.8261384505963676:-0.2305441057937147:0.7388875857388383:0.5631151403020406:-0.3700627242580792:0.4355458761605246:0.019919678318435604:0.8999462070710538
069:20:-314.0346624182887:-258.7720603189102:202.86654840109014:0.741096192743101:0.5415804119894861:-0.3968215605133529:0.4775539792337744:-0.840648978269661:-0.2554435294430574:-0.47193088885826295:-0.00019547672645802084:-0.8816356637097259
070:20:-318.56498821023865:-266.83218844087236:302.48172980698666:0.7561772765979058:-0.5512389515962349:-0.3526069602579589:0.48932829367156594:0.8341080022463577:-0.2546005424804772:0.43445807448139256:0.019982567971498714:0.900470497867535
071:20:-396.39324462083897:-62.94224369485311:203.49682339907264:0.870999221550989:0.15081610368449538:-0.4675628789155755:0.13275081772561026:-0.9885617500853913:-0.07157355374896177:-0.47300927168865115:0.00027116688930313405:-0.8810574970984295
072:20:-403.70782188670694:-68.38345323778954:303.1239259027458:0.8906083604263377:-0.16228260072648712:-0.4248309561540535:0.13792157730904395:0.9865509389047507:-0.0877194620013878:0.4333527160682018:0.019530321949059702:0.9010127975028145
073:20:-397.7659841065593:41.04813973593014:203.74336636134277:0.8738802590047773:-0.12420098964220506:-0.4700080874002855:-0.10978223923107232:-0.9922567267722336:0.058089967863641595:-0.47358352005887006:0.0008348605564874355:-0.8807485588596291
074:20:-406.21472458419737:37.853085400098756:303.3780883368958:0.8948054747774157:0.11263550991876356:-0.4320146367402465:-0.10971635438410864:0.9934551810864092:0.03176638602767288:0.4327651682835565:0.01897433908126741:0.9013070423375744
075:20:-368.08711877492277:144.2389463970304:203.92339808553234:0.8046601600254867:-0.405256968422217:-0.43392274479418347:-0.3575293259623181:-0.9142013709172022:0.19081024026277532:-0.47401995183426804:0.001602682751379089:-0.8805127108870815
076:20:-377.02250238315713:143.66804541030427:303.5652765777118:0.8254079246877897:0.39454359310693987:-0.4037787743003472:-0.36305008996507565:0.9186965729933274:0.1555345324758514:0.43231539941833713:0.01821247666291847:0.9015385953150947
077:20:-323.5377641958816:233.10738354102145:204.03892471107304:0.7210616986584771:-0.572839272771442:-0.38977626165290546:-0.5051853399612893:-0.8196649135300708:0.27006881636944674:-0.4741919023369369:0.0021729678466499906:-0.8804188991535921
078:20:-332.36861636584496:234.2937835372238:303.68471903310467:0.7408092569349665:0.5631947860870191:-0.36607847588861375:-0.5142553522231234:0.8261357379679294:0.23030654359069572:0.43213798598339676:0.017644587192957775:0.9016348936246525
079:20:-250.88895471199007:307.3114911989147:204.06160951849262:0.47546420042526477:-0.840639710122497:-0.2593431965508025:-0.7409701308715125:-0.5415842548797737:0.39705122972112444:-0.4742332699206202:0.003381910048901909:-0.880392827780269
080:20:-258.50829156325085:311.81567930884637:303.71265066673016:0.4912485708780801:0.8341864424186971:-0.25061548409001977:-0.7562885697146638:0.5512376329574108:0.35236983132198213:0.4320908540642822:0.016436455011697833:0.9016803301509931
081:20:-61.20863058906008:5.606140366013448:395.2107411646866:0.1490314578998936:0.10525891247259775:-0.9832144059257066:-0.01787356882477106:0.994442653188721:0.10375177422853789:0.9886709333800308:0.0021112711496481004:0.1500845605402531
082:20:63.64013427209366:-7.608107172332757:394.91992810630427:-0.1449148935432737:-0.10525888421605151:0.9838295697748691:0.013238574550300834:-0.994442653188721:-0.10444437043322409:0.9893555706575283:-0.002111042153888014:0.14550298762114616
083:20:-5.391679961685631:-63.42535196919117:394.9328136941923:0.01761508853604793:-0.994442879241091:-0.10379537407937346:0.14465563973159748:0.10525400525240217:-0.9838680740285343:0.9893252796399679:0.002316334056584751:0.14570580369114886
084:20:7.823181233493939:61.42334537765477:395.19785557679864:-0.013498521824715828:0.994442879241091:0.10441057560393092:-0.14929063636077988:-0.10525404292779714:0.9831754495673019:0.9887012243975911:-0.0023161052079941763:0.1498817444702504
089:20:-61.77568326024181:6.244605693460478:122.73961306314449:0.14491492179981993:-0.10525879944641281:-0.9838295697748691:-0.013238229584965589:-0.994442653188721:0.10444433275782912:-0.9893555706575283:-0.002111381232442795:-0.14550298762114616
090:20:63.07308160091193:-6.969641844885727:122.44882893946551:-0.1490314767375911:0.1052583661793706:0.9832144812764967:0.017873354545962134:0.9944427285395111:-0.10375125619185697:-0.9886709333800308:0.0021111356065278953:-0.1500845605402531
091:20:7.256127356699563:62.0618137191334:122.72674676505872:-0.01761476829519064:-0.994442879241091:0.10379517628354984:-0.14465512169491657:0.10525375094348607:0.9838682247301141:-0.9893254303415479:0.002316104472146618:-0.14570525739792173
092:20:-5.958730221642088:-62.78684504810809:122.46169523755128:0.013498249855458347:0.994442879241091:-0.10441023652537615:0.14929075880581355:-0.10525366617384738:-0.9831754495673019:-0.9887012243975911:-0.002316333320737193:-0.14988183865873786
001:21:-751.5629473340928:-576.2359673281989:78.57014220427132:-0.6153885075427271:0.5465211256111985:-0.5679878121604269:-0.3122322362584837:-0.8306653000042724:-0.4609827958322875:-0.7237442621315336:-0.10633985722984425:0.6818247339118717
002:21:-731.1100471914463:-559.5094711798675:53.02782064191187:-0.6146030132328797:-0.5465215023651483:0.568837316966338:-0.3115950323032604:0.8306649986011125:0.4614141791047588:-0.7246857702519753:0.10634015863300406:-0.6808240754213183
003:21:-674.3346037727688:-536.5613579598804:167.28101059876676:0.6130775741657104:-0.5479189204401903:-0.5691390215293031:0.34307365366410925:0.8335821290832875:-0.43294374965574106:0.7116417950035042:0.07017194428622872:0.6990284495196049
004:21:-590.9133849451081:-485.1903384312915:208.800689550149:-0.7317187115828707:0.5278637048883298:-0.43121554161281284:-0.376657010965273:-0.8404202886221588:-0.38964458614746555:-0.5680811341137817:-0.12269011211519387:0.8137756464890563
008:21:-575.5647207902852:-471.1287284606941:178.51554573450105:-0.7311220086772463:-0.5278640062914896:0.4322261464076398:-0.3761183281679111:0.840420062569789:0.39016507172905424:-0.5692052171982753:0.12269033816756374:-0.8129898131006541
009:21:-502.25957578560167:-436.7251347102585:278.89635868061066:0.7051381929720167:-0.5479597605683438:-0.4500214033918857:0.40089393163166637:0.8315787776308521:-0.38439610222419707:0.5848615666589633:0.09064177285037195:0.8060526426237868
011:21:-414.0099265623666:-357.79600928653275:231.14119328977102:-0.7692934379031503:-0.638346348549697:0.026489530177275542:-0.6336337594445622:0.767611683622227:0.09633541040297527:-0.08182901760428041:0.057325519971312446:-0.9949963307932833
012:21:-415.504076063307:-361.7649246744526:267.6448678087184:-0.7692492069894489:0.6384426468592548:-0.02543184762171432:-0.6338618462857448:-0.7675324145911983:-0.09546360176323862:-0.08046778674611252:-0.05731500853611424:0.9951079253132012
010:21:-441.2330843316245:650.3792928192731:22.947997481173793:0.7206312195954853:-0.6916474628899243:0.04809848137264424:-0.6248202035963274:-0.6178039147900113:0.477407534973504:-0.30048371062855295:-0.3740890183683374:-0.8773638767258063
013:21:-442.51249975416806:632.4148543231876:54.98156897072554:0.7205640066908487:0.6916475382407142:-0.04909376170056485:-0.6254793346314265:0.6178041408423811:-0.4765432990881575:-0.2992711280412615:0.37408849091280777:0.8777784567721183
014:21:-530.6297437749133:727.2466856013154:61.77574595209905:-0.7035487434087838:0.7088058926728967:0.05111138741827171:0.6301879678200888:0.5890365655531905:0.5058645143065154:0.32845473387947083:0.38811146129972124:-0.8610967714371679
015:21:-459.91325164956066:588.146841509635:187.9287763235159:-0.17041852692068976:-0.7499068852613177:-0.6392158213149451:0.6181182029348982:-0.5865569594328678:0.5233354614908109:-0.7673897755458204:-0.305925488165744:0.5634918942517971
016:21:-436.54188158909693:569.3363908674542:166.70486278583473:-0.16953530263627548:0.749906357805788:0.639451217182753:0.617394232545046:0.5865575245637924:-0.5241887715116145:-0.7681678478028576:0.3059256011919289:-0.5624307290769129
017:21:-437.0154462337829:513.60178659737:283.0104491200949:0.1876064565379281:0.7520940926412343:-0.6317895488605039:-0.5880434421416322:0.6012053037009821:0.5410696466598012:0.7867709029307766:0.27001209606231086:0.5550546402485792
018:21:-342.6975338666009:421.48534219920776:234.366795438655:-0.6518905023418649:0.7528600334210894:0.09077863814146975:0.7544885146935171:0.6559462586109941:-0.021941669672535264:-0.07606490822537512:0.054187861274071845:-0.9956292774288743
019:21:-346.4745928815657:422.8024113156994:270.89762999913876:-0.6521090949835137:-0.7527783531647821:-0.08988174710752807:0.7544357691405511:-0.6560408992031729:0.020904360086807124:-0.07470244349802178:-0.05417807038080255:0.9957329601158473
005:21:746.2218325749151:567.0819916811221:79.73540057723226:0.6141263441356477:-0.5386878835402302:0.5767703611585968:0.3208094543540361:0.8381133488370095:0.44118799261049874:-0.7210615479568973:-0.08591212621016195:0.6875238909098389
006:21:725.4454038693083:551.0887394950638:53.98559790211345:0.6133286806732231:0.53868826029418:-0.5776181328963389:0.3201996027355652:-0.8381131981354296:-0.44163120595699235:-0.7220108172087039:0.0859123522625318:-0.6865268492572032
007:21:669.1340730922253:526.3744905627279:168.10013276055682:-0.612202412415821:0.5398360788775083:0.5777413314379093:-0.35141796246792223:-0.840302364635885:0.4127914446110283:0.7083170920984826:0.04968363594084993:0.7041434118430796
020:21:584.6704333521886:475.71630638565546:209.9399838493117:0.7342861390488816:-0.5168600783301602:0.44009031997788306:0.37537182789186346:0.8493129627998425:0.37116382535163767:-0.5656146390309105:-0.10734292694567607:0.8176538009462703
021:21:568.9973918831074:462.33281012256487:179.51398589779825:0.7336770786137052:0.516860492759505:-0.4411042778828628:0.37485880203848:-0.8493127367474727:-0.37168269089124234:-0.5667441096968856:0.10734320951113839:-0.8168713583434158
022:21:495.67237838212964:427.38790594202015:279.69322041063015:-0.7079657313649397:0.5369336794747688:0.45878839245193054:-0.4002237617058394:-0.8402531605700468:0.3657796346556669:0.5818982838179432:0.07534140877796014:0.8097643471859983
023:21:405.59220408671035:350.0624189366783:232.63013454411:0.778849952540305:0.626407091232702:-0.03173229921406866:0.6221684585963609:-0.778001879399403:-0.08729049937304376:-0.07936716601383999:0.04824336210402312:-0.9956772758820733
024:21:407.28569440387014:353.69110079290886:269.1605061493403:0.7788144623182379:-0.626504632830294:0.03066146794566093:0.6223853558452358:0.7779239666825933:0.08643445788610442:-0.07800386300894843:-0.04823315678140909:0.9957855549672333
025:21:430.4766276542975:-644.2523115173457:14.887560722375968:-0.7369361509806792:0.6699520866931936:-0.08994146260856448:0.626021671942101:0.6262290373160471:-0.4646864001845793:-0.2549960587769316:-0.398751181217821:-0.8808946640413446
026:21:433.28244512710586:-626.7544161779351:47.08170052566972:-0.73681114402015:-0.6699521620439837:0.09095899967606695:0.6266632462431415:-0.6262293763946019:0.463820280529484:-0.2537786349013858:0.39875027700834154:0.8812466275812072
027:21:521.9707058733907:-721.2915378576308:48.079986370549115:0.7212851891014728:-0.6864958047317433:-0.0920387953337667:-0.6318735273159046:-0.5977454591541829:-0.49339181107206015:0.28369811655425964:0.4140346949698299:-0.8649229338493154
028:21:453.9637751077309:-584.4103296589525:180.69583350067487:0.1655175608406767:0.7564745354642637:0.6327322625935847:-0.6122257711607059:0.5818015710790406:-0.5354301674874754:-0.773164207982949:-0.29875197993619446:0.5594316169352709
029:21:430.82727767918965:-565.1516225926082:159.6171914635693:0.16464313376098924:-0.756474158710314:-0.6329608015395071:-0.6114851482462744:-0.5818020231837804:0.5362754149737542:-0.7739367042815298:0.29875209296237937:-0.5583625399274417
030:21:431.6521482020435:-510.5768369712569:276.4695858215734:-0.18305042753661466:-0.7587437998544373:0.6251402184012507:0.5821394063457873:-0.5960711269260698:-0.5530027252120202:0.7922157510126581:0.26269142773998644:0.5508057975801998
031:21:338.57719353119495:-416.6652449981957:229.45048070413205:0.6426243142983926:-0.7603609031575824:-0.09426247249601978:-0.7614434679568128:-0.6474594991387781:0.03162277213145005:-0.08507585488673608:0.05145398391305845:-0.9950449320528019
032:21:342.47589403900656:-418.3428019387155:265.95375013723265:0.6428484828984977:0.7602805038647044:0.09337833458327735:-0.7614052651063076:0.6475548178880666:-0.030575900059534658:-0.08371382342642496:-0.05144306275793988:0.9951610476201169
033:21:347.16482058487134:176.53693285061607:202.9215050476364:-0.8050828026063236:-0.41176196444331853:0.42695901316385837:-0.3598615082621011:0.911259826779083:0.200262337542755:-0.47153103989138634:0.007581603987179515:-0.8818168823595588
034:21:353.19238224611814:183.15327714525395:302.5637114664537:-0.8184716584204018:0.4223503704734614:0.3895182228727172:-0.37554585054125605:-0.9063504967613853:0.19363384157692326:0.43482130296435284:0.012201891318014167:0.9004341034359885
035:21:164.9437810016697:-358.07972369769533:200.9762249420006:-0.33646071763640245:0.9241793225225545:0.18079517839337197:0.8175303010015401:0.38194878391736853:-0.43099807923301336:-0.4673739744851676:0.002791604896286796:-0.8840553282766422
036:21:171.98158818517697:-364.57112794330544:300.56038834591527:-0.3460554727994574:-0.9194929554923228:0.18649007807170698:0.829124451700558:-0.3927417673422292:-0.39787752648373054:0.4390879284191608:0.016935795277856415:0.8982844961002575
037:21:-360.656416899645:-187.6161850784187:202.6989393095351:0.8018882305155478:0.41531396300622825:-0.4295227484411617:0.3670248064596122:-0.9096764052790463:-0.19437491659609438:-0.4714532778761566:-0.001778550023430328:-0.881889294468702
038:21:-366.2801272614562:-195.10849858201115:302.3027397321174:0.8186543087352438:-0.42580919778459636:-0.385346426387063:0.3750054723511202:0.9045561684002749:-0.20285233257035634:0.4349437856734187:0.02155891356141666:0.9001994610760801
039:21:-171.7407550043662:366.0237272102478:204.71304542951873:0.33467938728655855:-0.9241684720088016:-0.18412621076474947:-0.8134921014664696:-0.38197334827489265:0.43855097868996773:-0.47562627997445006:0.0030112518603168156:-0.8796423339123539
040:21:-178.40229530562317:371.66202066254294:304.3750238956193:0.347697969318816:0.9195567776114116:-0.1830891955180446:-0.8328489658970614:0.39259698079933775:0.39016684247261807:0.4306607714217963:0.016825421676206955:0.902356980244756
041:21:-73.79353868483183:395.42400921811424:204.65396076529578:0.15742887959177354:-0.9834617825691169:-0.08955039200871719:-0.8655069024714381:-0.18107250697578775:0.4670229528301794:-0.47551427102518745:0.003983583751950926:-0.8796989977063973
042:21:-79.04132938083276:402.3560311262057:304.3188134119282:0.16697461906596517:0.9811829486286194:-0.09695149729931467:-0.8868795512348073:0.19242875639323195:0.420018866330788:0.4307715747584197:0.01585181294189:0.9023217160750587
045:21:30.105999422360846:399.98562306927727:204.47724688708934:-0.08490287772955411:-0.9955870056357117:0.039977790166284874:-0.8758258917521101:0.09370087363966394:0.4734440457466702:-0.47510070821453965:0.00518317951285865:-0.879916158683037
046:21:27.068595817684542:408.12013266862886:304.1430640238332:-0.08041852616718186:0.9965127654410534:0.022257836877746583:-0.8986702167940183:-0.08214631036191662:0.43086406785308495:0.4311898846688344:0.014647000904812286:0.9021423058441846
047:21:134.15841403465728:373.4858328835519:204.16724047549062:-0.33465516200758916:-0.9261856126557981:0.17374176048530732:-0.8142380742869875:0.37701586910241613:0.44144697327556137:-0.47436524682921993:0.006265369912851537:-0.8803058729686651
048:21:133.72889765335788:382.1872311907663:303.8305692277471:-0.33576116090249447:0.9304323831774539:0.14683343768161894:-0.8370759945117499:-0.3662128640224919:0.4064379413531239:0.43193525468303273:0.013555324546778184:0.9018026998338741
049:21:224.3510671668653:331.68340401111845:203.8178635775455:-0.48480506110157884:-0.8368316318999378:0.2543167148924281:-0.7352084327178857:0.547417837687014:0.39975263089166885:-0.4737431883827769:0.006826334174273266:-0.8806365875857615
050:21:225.6811376100583:340.33422445689223:303.4776622959943:-0.48948924295890195:0.8430857474658964:0.22272608458231663:-0.7571555559038436:-0.5376224987211087:0.37104914144933177:0.4325687287741534:0.012986245947163574:0.901507400088055
053:21:300.74757658673127:261.34520419725:203.37234630529835:-0.7280093428951476:-0.5670924187234355:0.38523878778361753:-0.4969604244841541:0.823620076494615:0.2732768762516237:-0.472263600271293:0.007499675308736675:-0.8814255103565517
054:21:305.43123701658794:268.8868610149405:303.02105338746634:-0.7390599129954569:0.5766258383434701:0.3482717279089003:-0.5151383504551678:-0.8169158153094872:0.25938573207173005:0.43407717623818864:0.012293467252282959:0.9007917936358874
043:21:372.17875588461413:75.2498319489007:202.44049453929057:-0.8684245604091427:-0.181047339811944:0.4615851123717633:-0.15630554059633067:0.9834461849555969:0.09166402876109513:-0.470539611872602:0.007454972275241968:-0.8823474272716059
044:21:379.72581384692836:80.2591572873143:302.07295960798297:-0.8842036186312665:0.19252676893326112:0.42557907647208504:-0.16802173131852355:-0.9812143699080291:0.09479930919902789:0.4358357129740723:0.012315361366188186:0.8999419874268165
051:21:376.7395595640836:-28.648857406993955:201.98695270931677:-0.878741515218486:0.09372722757844941:0.4680052257279847:0.08602348525886123:0.9955733671427305:-0.0378626817187907:-0.46948228958800525:0.006987923943323849:-0.8829142159136196
052:21:385.489028058449:-25.849914337454443:301.6076702884526:-0.8959924757715186:-0.08205049241364479:0.4364233737849026:0.07936942653753852:-0.9965463718933717:-0.024409106640280828:0.4369188805796224:0.012768299674009878:0.8994102369021301
055:21:350.2388820474558:-132.70068368032247:201.59141531464115:-0.8171509097741353:0.3770446907795725:0.4360066462410769:0.3357752138248204:0.9261746114404652:-0.1716263058951218:-0.4685290644197262:0.006155611479760664:-0.8834266012852886
056:21:359.5550463516617:-132.50963747906096:301.1998838693625:-0.8343958422639718:-0.3661186378596578:0.41199611702309225:0.33471062018899334:-0.9304689283105803:-0.14898404341531676:0.4378953514666014:0.01358781251080813:0.8989231693958848
057:21:308.4353729460976:-222.89295101648594:201.28412876515654:-0.7381195351368646:0.5474471491443051:0.3943113619723099:0.48592462313867535:0.8368225144543536:-0.25220099657447775:-0.4680352906931753:0.0054511198577889474:-0.8836930416785564
058:21:317.70105583787404:-224.4615398642224:300.88515145621807:-0.7544732938339469:-0.537529289793939:0.37660629988363575:0.48843858921921585:-0.8431241010179816:-0.22487665264061946:0.438403592544823:0.014285603210576599:0.8986646408355619
059:21:238.09605432369992:-299.28953759556083:201.08982258731857:-0.4998675333112656:0.8236490865487462:0.26783347867244867:0.7291286788798743:0.5670873325451138:-0.3831230129525747:-0.46744386234284746:0.003774322834695211:-0.8840147142008585
060:21:246.25245784857972:-304.2115428217409:300.6785962539656:-0.5124523208457734:-0.8168226063823174:0.2649409502231928:0.7380092969311658:-0.5766683738643976:-0.3504223148049006:0.4390158930639673:0.015954189940955873:0.8983376184071732
061:21:68.51890622903129:-403.00320399093954:200.96596276721556:-0.15920887246509582:0.9834730098368196:0.08621857787289391:0.8695455541112483:0.18104636025167464:-0.45947016639940996:-0.4674859834344302:0.0018192654990075924:-0.8839986644825989
062:21:74.14300238688698:-410.7884910107638:300.54725199059834:-0.1653315574156819:-0.9811193525619005:0.10035242694722077:0.8831547356351442:-0.19257303431829123:-0.4277304168759849:0.4389796870093957:0.01790938399711979:0.8983184793065255
063:21:-35.38060053223277:-407.5647792624981:201.142676645422:0.08312205599754235:0.9955979315002546:-0.04330914277851969:0.8798641666379706:-0.09372605022235642:-0.46589118396511076:-0.46789943321889305:0.0006196743003547289:-0.8837815035059592
064:21:-31.96683600752031:-416.55263113279136:300.7229820888912:0.08206156897976763:-0.9964489433219647:-0.01885704851257164:0.8949454011943553:0.0820020418557061:-0.4385755807228868:0.43856442880597407:0.01911416777765127:0.8984964578723905
065:21:-139.43291146184225:-381.065181974795:201.45268305702072:0.3328751126211744:0.9261961617663913:-0.17707348985149188:0.8182759724188983:-0.37704194047573925:-0.43389384776623713:-0.4686349322796078:-0.00046251963170643694:-0.883391789220331
066:21:-138.62714748809475:-390.61969107532434:301.0354961747795:0.33740410952659283:-0.9303685610583652:-0.14343274350493146:0.8333511789120868:0.36606856725973513:-0.4141493788721358:0.43781774015295155:0.0202058559092463:0.8988366666890207
067:21:-229.62553565934692:-339.2627145227571:201.80204066516362:0.4830249363643741:0.836841954958161:-0.2576483877455202:0.7392461801482165:-0.5474437960341523:-0.39219943003155466:-0.4692568776998659:-0.00102348242143305:-0.8830611499540247
068:21:-230.5794742489052:-348.76672292105474:301.3884031065322:0.49113207855681534:-0.8430217746452278:-0.21932550343181406:0.7534305896026007:0.537478164282957:-0.3787605412929487:0.4371859614546048:0.02077491684851952:0.8991311375761505
069:21:-306.02216081802624:-268.92443754967974:202.24755793741076:0.7262288037285982:0.5671023273523141:-0.3885702722597348:0.5009979081867202:-0.8236456957631983:-0.26572344933913966:-0.47073654116213975:-0.0016968217898623197:-0.8822722271832345
070:21:-310.3294579166215:-277.31934018930076:301.844992725258:0.740703163022715:-0.576560961313322:-0.3448714858369525:0.5114125929706302:0.81677204600226:-0.2670966232975148:0.4356788326293937:0.021467684947195295:0.8998461412219985
071:21:-394.3468280821242:-75.71366488836291:203.24179292382237:0.8666436444886435:0.18105707890154524:-0.4649163331201157:0.1603427699899806:-0.9834712767686506:-0.08411052649782112:-0.4724606802624106:-0.0016521158129773803:-0.8813502349173903
072:21:-401.5173876845614:-81.57624569360817:302.8554890149474:0.8858464165537849:-0.19246172236383566:-0.4221786460231624:0.16429593615859112:0.9810700731452723:-0.1025099461158966:0.4339160385738778:0.021445828508685046:0.900697981902398
073:21:-398.90763176159373:28.185031701207595:203.69535404359843:0.876960222544037:-0.09371753558309191:-0.47133637112554716:-0.08198627470290878:-0.9955981575526244:0.045416176917928146:-0.4735178518454275:-0.0011850657150251208:-0.8807834462753765
074:21:-407.280679055291:24.53275359440222:303.3207783344778:0.8976349722908773:0.08211552956422151:-0.433022830309795:-0.08309522169747095:0.9964017737274551:0.01669861336085546:0.4328358096491358:0.020992859589604937:0.9012283007620753
075:21:-372.4069156653614:132.23678322655246:204.090891438274:0.8153693910473164:-0.3770349328522738:-0.43933760326166443:-0.3317379184992293:-0.9261989497456194:0.17917977048300082:-0.4744710393383116:-0.00035275148542779773:-0.8802711362544976
076:21:-381.34677450771255:131.19247191355817:303.72854546376567:0.8360380373801706:0.3661835902405958:-0.40859534749561477:-0.33843630232274086:0.930323878039924:0.1412736325508179:0.4318580954741226:0.0201733608810798:0.9017159710746402
077:21:-330.60348372321215:222.42901198311148:204.39817798775866:0.7363377903576759:-0.5474372781908216:-0.39764213061592263:-0.4818872147868993:-0.836846702057928:0.2597543481361718:-0.4749647000386776:0.0003517407252219665:-0.8800047712120197
